omega: [[-4.58495486e-01 -2.54688116e+00  3.86724713e-01  4.24163285e-02
  -5.57066735e-01 -4.05737593e-02  3.31380685e-04  2.63155642e-02
  -4.54348295e-02 -1.53181596e+00 -1.75183984e+00  2.92356475e-01
   2.41473508e-15]]
lambda: 10

For Training Set
Accuracy: 0.981532147742818
Sensitivity: 0.9945553539019963
Specificity: 0.9416666666666667
Precision: 0.981199641897941
Power: 0.9826086956521739

For Validation Set
Accuracy: 0.981532147742818
Sensitivity: 0.9945553539019963
Specificity: 0.9416666666666667
Precision: 0.981199641897941
Power: 0.9826086956521739

For Test Set
Validation Accuracy: 0.9723076923076923
test accuracy: 0.9723076923076923
Sensitivity: 0.9857142857142858
Specificity: 0.93125
Precision: 0.9777327935222672
Power: 0.9551282051282052