omega: [[-4.76832251e-01 -2.56529469e+00  4.79912356e-01  4.83629630e-02
  -5.46450638e-01 -2.32601757e-02  2.61904651e-02 -4.51592360e-02
  -8.98359727e-02 -1.55878708e+00 -1.70868634e+00  2.83863280e-01
  -5.02375919e-15]]
lambda: 10

For Training Set
Accuracy: 0.981532147742818
Sensitivity: 0.9945553539019963
Specificity: 0.9416666666666667
Precision: 0.981199641897941
Power: 0.9826086956521739

For Validation Set
Accuracy: 0.981532147742818
Sensitivity: 0.9945553539019963
Specificity: 0.9416666666666667
Precision: 0.981199641897941
Power: 0.9826086956521739

For Test Set
Validation Accuracy: 0.9723076923076923
test accuracy: 0.9723076923076923
Sensitivity: 0.9836734693877551
Specificity: 0.9375
Precision: 0.9796747967479674
Power: 0.9493670886075949