omega: [[-5.01170138e-01 -2.73337721e+00  4.14601487e-01  5.73006587e-02
  -6.28499310e-01 -2.46514721e-02  2.80710936e-02 -5.19242372e-02
  -1.80509154e+00  2.82711780e-01  9.15933995e-16]]
lambda: 10

For Training Set
Accuracy: 0.9753761969904241
Sensitivity: 0.9918330308529946
Specificity: 0.925
Precision: 0.9758928571428571
Power: 0.9736842105263158

For Validation Set
Accuracy: 0.9753761969904241
Sensitivity: 0.9918330308529946
Specificity: 0.925
Precision: 0.9758928571428571
Power: 0.9736842105263158

For Test Set
Validation Accuracy: 0.9723076923076923
test accuracy: 0.9723076923076923
Sensitivity: 0.9836734693877551
Specificity: 0.9375
Precision: 0.9796747967479674
Power: 0.9493670886075949