omega: [[-1.28855711e+00 -1.46758647e+01  1.54069654e-02  1.77914390e-01
  -5.66211691e-02  7.10300824e-02  1.48871648e+01 -7.04235139e+00
  -1.16825544e+01  8.29437688e-01  1.65272925e+01]]
lambda: 0.001

For Training Set
Accuracy: 0.9904240766073872
Sensitivity: 0.9945553539019963
Specificity: 0.9777777777777777
Precision: 0.9927536231884058
Power: 0.9832402234636871

For Validation Set
Accuracy: 0.9904240766073872
Sensitivity: 0.9945553539019963
Specificity: 0.9777777777777777
Precision: 0.9927536231884058
Power: 0.9832402234636871

For Test Set
Validation Accuracy: 0.9784615384615385
test accuracy: 0.9784615384615385
Sensitivity: 0.9857142857142858
Specificity: 0.95625
Precision: 0.9857142857142858
Power: 0.95625