omega: [[ -1.35001538 -14.60024853   0.4521189    0.17814378 -26.09055392
   -0.05690012   0.07029131  17.92097212  -7.61946826 -13.05731334
    0.59852118  20.66277741]]
lambda: 0.001

For Training Set
Accuracy: 0.9917920656634747
Sensitivity: 0.9950090744101633
Specificity: 0.9819444444444444
Precision: 0.9941069809610155
Power: 0.9846796657381616

For Validation Set
Accuracy: 0.9917920656634747
Sensitivity: 0.9950090744101633
Specificity: 0.9819444444444444
Precision: 0.9941069809610155
Power: 0.9846796657381616

For Test Set
Validation Accuracy: 0.9846153846153847
test accuracy: 0.9846153846153847
Sensitivity: 0.9918367346938776
Specificity: 0.9625
Precision: 0.9878048780487805
Power: 0.9746835443037974