omega: [[-4.61947603e-01 -1.96541856e+00 -1.46118664e+00  3.35273006e-01
   5.35523264e-02 -4.96288956e-01 -2.39870034e-02  2.70190063e-02
  -4.34060132e-02 -1.55750486e+00 -1.66630758e+00  2.73378119e-01
  -1.01177747e-15]]
lambda: 10

For Training Set
Accuracy: 0.981532147742818
Sensitivity: 0.9927404718693285
Specificity: 0.9472222222222222
Precision: 0.9829290206648698
Power: 0.9770773638968482

For Validation Set
Accuracy: 0.981532147742818
Sensitivity: 0.9927404718693285
Specificity: 0.9472222222222222
Precision: 0.9829290206648698
Power: 0.9770773638968482

For Test Set
Validation Accuracy: 0.9723076923076923
test accuracy: 0.9723076923076923
Sensitivity: 0.9816326530612245
Specificity: 0.94375
Precision: 0.9816326530612245
Power: 0.94375