omega: [[-3.27945526e-01 -9.60074057e-03 -2.54882804e+00  4.75380333e-01
   4.75717678e-02 -5.46549434e-01 -2.34488538e-02  2.62070170e-02
  -4.49844089e-02 -1.56379206e+00 -1.71118411e+00  2.84671940e-01
   1.13797860e-15]]
lambda: 10

For Training Set
Accuracy: 0.981532147742818
Sensitivity: 0.9945553539019963
Specificity: 0.9416666666666667
Precision: 0.981199641897941
Power: 0.9826086956521739

For Validation Set
Accuracy: 0.981532147742818
Sensitivity: 0.9945553539019963
Specificity: 0.9416666666666667
Precision: 0.981199641897941
Power: 0.9826086956521739

For Test Set
Validation Accuracy: 0.9723076923076923
test accuracy: 0.9723076923076923
Sensitivity: 0.9836734693877551
Specificity: 0.9375
Precision: 0.9796747967479674
Power: 0.9493670886075949