omega: [[ -1.33426763 -21.5020643   10.048867     1.48657823   0.16272155
  -21.29229261  -0.04474422   0.06109726  17.12563564  -6.88482205
  -10.83553998   0.51195722  19.39809573]]
lambda: 0.001

For Training Set
Accuracy: 0.9924760601915185
Sensitivity: 0.9959165154264973
Specificity: 0.9819444444444444
Precision: 0.9941123188405797
Power: 0.9874301675977654

For Validation Set
Accuracy: 0.9924760601915185
Sensitivity: 0.9959165154264973
Specificity: 0.9819444444444444
Precision: 0.9941123188405797
Power: 0.9874301675977654

For Test Set
Validation Accuracy: 0.9846153846153847
test accuracy: 0.9846153846153847
Sensitivity: 0.9938775510204082
Specificity: 0.95625
Precision: 0.9858299595141701
Power: 0.9807692307692307