omega: N/A
lambda: 10

For Training Set
Accuracy: 0.8320793433652531
Sensitivity: 0.9301270417422868
Specificity: 0.5319444444444444
Precision: 0.8588186007540847
Power: 0.7132216014897579

For Validation Set
Accuracy: 0.8320793433652531
Sensitivity: 0.9301270417422868
Specificity: 0.5319444444444444
Precision: 0.8588186007540847
Power: 0.7132216014897579

For Test Set
Validation Accuracy: 0.8415384615384616
test accuracy: 0.8415384615384616
Sensitivity: 0.9326530612244898
Specificity: 0.5625
Precision: 0.8671726755218216
Power: 0.7317073170731707