omega: [[-5.74398107e-01  1.12617534e+00  4.15792271e-02 -6.99831982e-01
  -2.18771927e-02  3.09301197e-02 -5.39776514e-02 -1.94037105e+00
  -1.83995919e+00  3.43653969e-01  2.96984659e-15]]
lambda: 10

For Training Set
Accuracy: 0.9651162790697675
Sensitivity: 0.9872958257713249
Specificity: 0.8972222222222223
Precision: 0.9671111111111111
Power: 0.9584569732937686

For Validation Set
Accuracy: 0.9651162790697675
Sensitivity: 0.9872958257713249
Specificity: 0.8972222222222223
Precision: 0.9671111111111111
Power: 0.9584569732937686

For Test Set
Validation Accuracy: 0.9661538461538461
test accuracy: 0.9661538461538461
Sensitivity: 0.9816326530612245
Specificity: 0.91875
Precision: 0.9736842105263158
Power: 0.9423076923076923