omega: [[ -0.99029369 -14.61313418   2.41797623   0.23426829 -24.36773543
   -0.06573678   0.07327515   4.29372536 -12.329324     0.41548521
    7.27113536]]
lambda: 0.001

For Training Set
Accuracy: 0.9890560875512996
Sensitivity: 0.9927404718693285
Specificity: 0.9777777777777777
Precision: 0.9927404718693285
Power: 0.9777777777777777

For Validation Set
Accuracy: 0.9890560875512996
Sensitivity: 0.9927404718693285
Specificity: 0.9777777777777777
Precision: 0.9927404718693285
Power: 0.9777777777777777

For Test Set
Validation Accuracy: 0.9784615384615385
test accuracy: 0.9784615384615385
Sensitivity: 0.9877551020408163
Specificity: 0.95
Precision: 0.983739837398374
Power: 0.9620253164556962