omega: N/A
lambda: 10

For Training Set
Accuracy: 0.923734610123119
Sensitivity: 0.9768602540834845
Specificity: 0.7611111111111111
Precision: 0.9260215053763441
Power: 0.9148580968280468

For Validation Set
Accuracy: 0.923734610123119
Sensitivity: 0.9768602540834845
Specificity: 0.7611111111111111
Precision: 0.9260215053763441
Power: 0.9148580968280468

For Test Set
Validation Accuracy: 0.9276923076923077
test accuracy: 0.9276923076923077
Sensitivity: 0.9693877551020408
Specificity: 0.8
Precision: 0.9368836291913215
Power: 0.8951048951048951