omega: N/A
lambda: 10

For Training Set
Accuracy: 0.9011627906976745
Sensitivity: 0.9133393829401089
Specificity: 0.8638888888888889
Precision: 0.9535765040265277
Power: 0.7650676506765067

For Validation Set
Accuracy: 0.9011627906976745
Sensitivity: 0.9133393829401089
Specificity: 0.8638888888888889
Precision: 0.9535765040265277
Power: 0.7650676506765067

For Test Set
Validation Accuracy: 0.9076923076923077
test accuracy: 0.9076923076923077
Sensitivity: 0.9122448979591836
Specificity: 0.89375
Precision: 0.9633620689655172
Power: 0.7688172043010753