omega: [[ -1.43372421 -12.39418686   2.00457895   0.17426767 -32.5665256
    0.05577665  18.77035022  -8.28013774 -11.82131465   0.47825503
   22.21798597]]
lambda: 0.001

For Training Set
Accuracy: 0.9911080711354309
Sensitivity: 0.9945553539019963
Specificity: 0.9805555555555555
Precision: 0.9936536718041704
Power: 0.9832869080779945

For Validation Set
Accuracy: 0.9911080711354309
Sensitivity: 0.9945553539019963
Specificity: 0.9805555555555555
Precision: 0.9936536718041704
Power: 0.9832869080779945

For Test Set
Validation Accuracy: 0.9876923076923076
test accuracy: 0.9876923076923076
Sensitivity: 0.9938775510204082
Specificity: 0.96875
Precision: 0.9898373983739838
Power: 0.9810126582278481