omega: [[-4.39634745e-01 -2.56013131e+00  4.58588978e-01  5.44887070e-02
  -5.61746880e-01  2.07562997e-02 -4.65084141e-02 -1.69338860e+00
  -1.83691750e+00  2.48273127e-01 -1.38777878e-16]]
lambda: 10

For Training Set
Accuracy: 0.9822161422708618
Sensitivity: 0.9954627949183303
Specificity: 0.9416666666666667
Precision: 0.981216457960644
Power: 0.9854651162790697

For Validation Set
Accuracy: 0.9822161422708618
Sensitivity: 0.9954627949183303
Specificity: 0.9416666666666667
Precision: 0.981216457960644
Power: 0.9854651162790697

For Test Set
Validation Accuracy: 0.9738461538461538
test accuracy: 0.9738461538461538
Sensitivity: 0.9836734693877551
Specificity: 0.94375
Precision: 0.9816700610997964
Power: 0.949685534591195