omega: [[ -1.30533475 -13.92526932   0.94521163   0.15777884 -18.80450706
   -1.82444857  -0.05301927   0.06740038  17.00579087  -7.65129232
  -11.33542702   0.65960888  19.03567262]]
lambda: 0.001

For Training Set
Accuracy: 0.9921340629274966
Sensitivity: 0.9954627949183303
Specificity: 0.9819444444444444
Precision: 0.9941096511101042
Power: 0.9860529986052998

For Validation Set
Accuracy: 0.9921340629274966
Sensitivity: 0.9954627949183303
Specificity: 0.9819444444444444
Precision: 0.9941096511101042
Power: 0.9860529986052998

For Test Set
Validation Accuracy: 0.9846153846153847
test accuracy: 0.9846153846153847
Sensitivity: 0.9918367346938776
Specificity: 0.9625
Precision: 0.9878048780487805
Power: 0.9746835443037974