omega: [[-1.67567946e+00 -9.92242131e+00  4.61053131e+00  4.37931352e-01
  -4.12801830e+01  7.08190285e-02  2.35430307e+01 -9.31649518e+00
  -9.89531559e+00 -6.07072414e-03  2.82866269e+01]]
lambda: 0.01

For Training Set
Accuracy: 0.9801641586867305
Sensitivity: 0.9868421052631579
Specificity: 0.9597222222222223
Precision: 0.9868421052631579
Power: 0.9597222222222223

For Validation Set
Accuracy: 0.9801641586867305
Sensitivity: 0.9868421052631579
Specificity: 0.9597222222222223
Precision: 0.9868421052631579
Power: 0.9597222222222223

For Test Set
Validation Accuracy: 0.9784615384615385
test accuracy: 0.9784615384615385
Sensitivity: 0.9918367346938776
Specificity: 0.9375
Precision: 0.9798387096774194
Power: 0.974025974025974