omega: [[ -1.29175285 -12.89531562   0.1514572  -22.0066484   -0.04971272
    0.06532624  17.16761674  -7.6030147  -11.41868017   0.59425338
   19.56254421]]
lambda: 0.001

For Training Set
Accuracy: 0.9921340629274966
Sensitivity: 0.9959165154264973
Specificity: 0.9805555555555555
Precision: 0.993662290629244
Power: 0.9874125874125874

For Validation Set
Accuracy: 0.9921340629274966
Sensitivity: 0.9959165154264973
Specificity: 0.9805555555555555
Precision: 0.993662290629244
Power: 0.9874125874125874

For Test Set
Validation Accuracy: 0.9846153846153847
test accuracy: 0.9846153846153847
Sensitivity: 0.9938775510204082
Specificity: 0.95625
Precision: 0.9858299595141701
Power: 0.9807692307692307