omega: N/A
lambda: 10

For Training Set
Accuracy: 0.9254445964432284
Sensitivity: 0.9777676950998185
Specificity: 0.7652777777777777
Precision: 0.9272805507745266
Power: 0.9183333333333333

For Validation Set
Accuracy: 0.9254445964432284
Sensitivity: 0.9777676950998185
Specificity: 0.7652777777777777
Precision: 0.9272805507745266
Power: 0.9183333333333333

For Test Set
Validation Accuracy: 0.9292307692307692
test accuracy: 0.9292307692307692
Sensitivity: 0.9693877551020408
Specificity: 0.80625
Precision: 0.9387351778656127
Power: 0.8958333333333334