omega: N/A
lambda: 10

For Training Set
Accuracy: 0.7903556771545828
Sensitivity: 0.9959165154264973
Specificity: 0.16111111111111112
Precision: 0.7842086459449803
Power: 0.928

For Validation Set
Accuracy: 0.7903556771545828
Sensitivity: 0.9959165154264973
Specificity: 0.16111111111111112
Precision: 0.7842086459449803
Power: 0.928

For Test Set
Validation Accuracy: 0.8046153846153846
test accuracy: 0.8046153846153846
Sensitivity: 0.9897959183673469
Specificity: 0.2375
Precision: 0.7990115321252059
Power: 0.8837209302325582