omega: [[-4.75523787e-01 -2.56196146e+00  4.10326587e-01  1.67856023e-01
   4.86375943e-02 -5.58743349e-01 -2.31392648e-02  2.61056853e-02
  -4.51663617e-02 -1.56016886e+00 -1.70882206e+00  2.82962721e-01
   1.97064587e-15]]
lambda: 10

For Training Set
Accuracy: 0.981532147742818
Sensitivity: 0.9945553539019963
Specificity: 0.9416666666666667
Precision: 0.981199641897941
Power: 0.9826086956521739

For Validation Set
Accuracy: 0.981532147742818
Sensitivity: 0.9945553539019963
Specificity: 0.9416666666666667
Precision: 0.981199641897941
Power: 0.9826086956521739

For Test Set
Validation Accuracy: 0.9738461538461538
test accuracy: 0.9738461538461538
Sensitivity: 0.9857142857142858
Specificity: 0.9375
Precision: 0.9797160243407708
Power: 0.9554140127388535