omega: N/A
lambda: 10

For Training Set
Accuracy: 0.9223666210670315
Sensitivity: 0.9600725952813067
Specificity: 0.8069444444444445
Precision: 0.9383592017738359
Power: 0.8684603886397608

For Validation Set
Accuracy: 0.9223666210670315
Sensitivity: 0.9600725952813067
Specificity: 0.8069444444444445
Precision: 0.9383592017738359
Power: 0.8684603886397608

For Test Set
Validation Accuracy: 0.9230769230769231
test accuracy: 0.9230769230769231
Sensitivity: 0.9551020408163265
Specificity: 0.825
Precision: 0.9435483870967742
Power: 0.8571428571428571