omega: [[ -1.43231079 -12.67925759   2.34864854   0.1804412  -39.07958329
   -0.05062989   0.06538742  13.68508003   8.95592852  -7.91467335
  -11.17287971   0.39256518  18.46917093]]
lambda: 0.001

For Training Set
Accuracy: 0.9911080711354309
Sensitivity: 0.9945553539019963
Specificity: 0.9805555555555555
Precision: 0.9936536718041704
Power: 0.9832869080779945

For Validation Set
Accuracy: 0.9911080711354309
Sensitivity: 0.9945553539019963
Specificity: 0.9805555555555555
Precision: 0.9936536718041704
Power: 0.9832869080779945

For Test Set
Validation Accuracy: 0.9846153846153847
test accuracy: 0.9846153846153847
Sensitivity: 0.9918367346938776
Specificity: 0.9625
Precision: 0.9878048780487805
Power: 0.9746835443037974