omega: [[ -1.32239181 -13.71254379   0.65569394   0.16926498 -28.31204128
   -0.05407671   0.06777854  17.86491749  -7.79503647 -12.57853486
    0.73105299   0.56095614  20.8561422 ]]
lambda: 0.001

For Training Set
Accuracy: 0.9917920656634747
Sensitivity: 0.9950090744101633
Specificity: 0.9819444444444444
Precision: 0.9941069809610155
Power: 0.9846796657381616

For Validation Set
Accuracy: 0.9917920656634747
Sensitivity: 0.9950090744101633
Specificity: 0.9819444444444444
Precision: 0.9941069809610155
Power: 0.9846796657381616

For Test Set
Validation Accuracy: 0.9846153846153847
test accuracy: 0.9846153846153847
Sensitivity: 0.9918367346938776
Specificity: 0.9625
Precision: 0.9878048780487805
Power: 0.9746835443037974