omega: N/A
lambda: 10

For Training Set
Accuracy: 0.93296853625171
Sensitivity: 0.9759528130671506
Specificity: 0.8013888888888889
Precision: 0.9376634699215345
Power: 0.9158730158730158

For Validation Set
Accuracy: 0.93296853625171
Sensitivity: 0.9759528130671506
Specificity: 0.8013888888888889
Precision: 0.9376634699215345
Power: 0.9158730158730158

For Test Set
Validation Accuracy: 0.9323076923076923
test accuracy: 0.9323076923076923
Sensitivity: 0.9653061224489796
Specificity: 0.83125
Precision: 0.946
Power: 0.8866666666666667