omega: N/A
lambda: 10

For Training Set
Accuracy: 0.9042407660738714
Sensitivity: 0.927858439201452
Specificity: 0.8319444444444445
Precision: 0.9441366574330563
Power: 0.7902374670184696

For Validation Set
Accuracy: 0.9042407660738714
Sensitivity: 0.927858439201452
Specificity: 0.8319444444444445
Precision: 0.9441366574330563
Power: 0.7902374670184696

For Test Set
Validation Accuracy: 0.9076923076923077
test accuracy: 0.9076923076923077
Sensitivity: 0.9163265306122449
Specificity: 0.88125
Precision: 0.9594017094017094
Power: 0.7747252747252747