omega: [[-4.59288640e-01 -2.56338567e+00  4.06912617e-01 -5.76583450e-01
  -2.14454052e-02  2.63841150e-02 -3.97577676e-02 -1.58172280e+00
  -1.80752097e+00  2.85621306e-01 -3.46944695e-15]]
lambda: 10

For Training Set
Accuracy: 0.9818741450068399
Sensitivity: 0.9950090744101633
Specificity: 0.9416666666666667
Precision: 0.9812080536912752
Power: 0.9840348330914369

For Validation Set
Accuracy: 0.9818741450068399
Sensitivity: 0.9950090744101633
Specificity: 0.9416666666666667
Precision: 0.9812080536912752
Power: 0.9840348330914369

For Test Set
Validation Accuracy: 0.9753846153846154
test accuracy: 0.9753846153846154
Sensitivity: 0.9857142857142858
Specificity: 0.94375
Precision: 0.9817073170731707
Power: 0.9556962025316456