omega: [[-5.22787075e-01 -2.82878011e+00  6.07100215e-01  5.79821019e-02
  -6.98897683e-01 -2.27928247e-02  2.48787358e-02 -6.76232290e-02
  -1.73828130e+00 -1.69621225e+00 -6.10622664e-16]]
lambda: 10

For Training Set
Accuracy: 0.9777701778385773
Sensitivity: 0.9945553539019963
Specificity: 0.9263888888888889
Precision: 0.976391982182628
Power: 0.9823269513991163

For Validation Set
Accuracy: 0.9777701778385773
Sensitivity: 0.9945553539019963
Specificity: 0.9263888888888889
Precision: 0.976391982182628
Power: 0.9823269513991163

For Test Set
Validation Accuracy: 0.9738461538461538
test accuracy: 0.9738461538461538
Sensitivity: 0.9897959183673469
Specificity: 0.925
Precision: 0.9758551307847082
Power: 0.9673202614379085