omega: [[-5.54161395e-01 -1.03087622e-01  9.84126222e-03  1.44414766e-01
  -1.66450860e-02 -2.23703620e-02  9.55616130e-02 -2.17117574e-04
  -3.72238284e-02 -1.56034790e-01 -7.91524767e-02 -6.10878099e-02
  -3.60015307e-02]]
lambda: 10

For Training Set
Accuracy: 0.9404924760601915
Sensitivity: 0.9782214156079855
Specificity: 0.825
Precision: 0.9447852760736196
Power: 0.9252336448598131

For Validation Set
Accuracy: 0.9404924760601915
Sensitivity: 0.9782214156079855
Specificity: 0.825
Precision: 0.9447852760736196
Power: 0.9252336448598131

For Test Set
Validation Accuracy: 0.9384615384615385
test accuracy: 0.9384615384615385
Sensitivity: 0.9693877551020408
Specificity: 0.84375
Precision: 0.95
Power: 0.9