omega: N/A
lambda: 10

For Training Set
Accuracy: 0.9038987688098495
Sensitivity: 0.9260435571687841
Specificity: 0.8361111111111111
Precision: 0.9453450671607225
Power: 0.7869281045751634

For Validation Set
Accuracy: 0.9038987688098495
Sensitivity: 0.9260435571687841
Specificity: 0.8361111111111111
Precision: 0.9453450671607225
Power: 0.7869281045751634

For Test Set
Validation Accuracy: 0.9092307692307692
test accuracy: 0.9092307692307692
Sensitivity: 0.9142857142857143
Specificity: 0.89375
Precision: 0.9634408602150538
Power: 0.772972972972973