omega: [[ -1.40068148 -15.53719431  -0.87144296   0.1820346  -10.41815665
   -0.064392     0.0754866    0.9857238   -8.36756761 -12.86909464
    7.36838938  -0.29789258   1.85128989]]
lambda: 0.001

For Training Set
Accuracy: 0.9917920656634747
Sensitivity: 0.9959165154264973
Specificity: 0.9791666666666666
Precision: 0.9932126696832579
Power: 0.9873949579831933

For Validation Set
Accuracy: 0.9917920656634747
Sensitivity: 0.9959165154264973
Specificity: 0.9791666666666666
Precision: 0.9932126696832579
Power: 0.9873949579831933

For Test Set
Validation Accuracy: 0.9815384615384616
test accuracy: 0.9815384615384616
Sensitivity: 0.9897959183673469
Specificity: 0.95625
Precision: 0.9857723577235772
Power: 0.9683544303797469