omega: [[-2.18452336e+03 -3.67644121e+03  9.80050202e+02  6.23007833e+02
  -5.05971480e+02  5.12312218e+00 -1.42385801e+02  2.37135423e+00
  -4.36551205e+01 -1.97141585e+03 -2.34306055e+03  1.41138274e+03
   2.56477506e-10]]
lambda: 0.01

For Training Set
Accuracy: 0.9476744186046512
Sensitivity: 0.9832123411978222
Specificity: 0.8388888888888889
Precision: 0.9491896627244854
Power: 0.9422776911076443

For Validation Set
Accuracy: 0.9476744186046512
Sensitivity: 0.9832123411978222
Specificity: 0.8388888888888889
Precision: 0.9491896627244854
Power: 0.9422776911076443

For Test Set
Validation Accuracy: 0.9476923076923077
test accuracy: 0.9476923076923077
Sensitivity: 0.9755102040816327
Specificity: 0.8625
Precision: 0.956
Power: 0.92