omega: [[-4.77225718e-01 -2.56539056e+00  4.79935965e-01  4.84554872e-02
  -5.46443737e-01 -6.72760026e-02 -2.32675127e-02  2.61892815e-02
  -4.51580365e-02 -1.55855045e+00 -1.70850616e+00  2.83831456e-01
  -5.82867088e-16]]
lambda: 10

For Training Set
Accuracy: 0.981532147742818
Sensitivity: 0.9945553539019963
Specificity: 0.9416666666666667
Precision: 0.981199641897941
Power: 0.9826086956521739

For Validation Set
Accuracy: 0.981532147742818
Sensitivity: 0.9945553539019963
Specificity: 0.9416666666666667
Precision: 0.981199641897941
Power: 0.9826086956521739

For Test Set
Validation Accuracy: 0.9723076923076923
test accuracy: 0.9723076923076923
Sensitivity: 0.9836734693877551
Specificity: 0.9375
Precision: 0.9796747967479674
Power: 0.9493670886075949