omega: [[ -1.25091511 -13.60866698   1.11826195  -0.62303798   0.08058503
  -17.61770726  -0.05769088   0.06833456  15.37169563  -6.42602303
  -11.07784155   0.64750611  17.21152151]]
lambda: 0.01

For Training Set
Accuracy: 0.9921340629274966
Sensitivity: 0.9959165154264973
Specificity: 0.9805555555555555
Precision: 0.993662290629244
Power: 0.9874125874125874

For Validation Set
Accuracy: 0.9921340629274966
Sensitivity: 0.9959165154264973
Specificity: 0.9805555555555555
Precision: 0.993662290629244
Power: 0.9874125874125874

For Test Set
Validation Accuracy: 0.9815384615384616
test accuracy: 0.9815384615384616
Sensitivity: 0.9897959183673469
Specificity: 0.95625
Precision: 0.9857723577235772
Power: 0.9683544303797469