omega: [[-4.80368616e-01 -2.55053429e+00  4.62749803e-01  4.74762807e-02
  -5.45429035e-01 -2.39205076e-02  2.63073920e-02 -4.56544586e-02
  -1.58565103e+00 -1.67901189e+00  4.97377268e-01 -9.82698106e-03
   6.38378239e-16]]
lambda: 10

For Training Set
Accuracy: 0.981532147742818
Sensitivity: 0.9945553539019963
Specificity: 0.9416666666666667
Precision: 0.981199641897941
Power: 0.9826086956521739

For Validation Set
Accuracy: 0.981532147742818
Sensitivity: 0.9945553539019963
Specificity: 0.9416666666666667
Precision: 0.981199641897941
Power: 0.9826086956521739

For Test Set
Validation Accuracy: 0.9723076923076923
test accuracy: 0.9723076923076923
Sensitivity: 0.9836734693877551
Specificity: 0.9375
Precision: 0.9796747967479674
Power: 0.9493670886075949