omega: [[ -1.23096481 -13.70619058   0.53232272   0.47336775   0.16874253
  -17.98629485  -0.05220928   0.06809899  14.78577558  -6.36876067
  -12.60393148   0.69093201  16.70681699]]
lambda: 0.01

For Training Set
Accuracy: 0.9921340629274966
Sensitivity: 0.9954627949183303
Specificity: 0.9819444444444444
Precision: 0.9941096511101042
Power: 0.9860529986052998

For Validation Set
Accuracy: 0.9921340629274966
Sensitivity: 0.9954627949183303
Specificity: 0.9819444444444444
Precision: 0.9941096511101042
Power: 0.9860529986052998

For Test Set
Validation Accuracy: 0.98
test accuracy: 0.98
Sensitivity: 0.9877551020408163
Specificity: 0.95625
Precision: 0.9857433808553971
Power: 0.9622641509433962