omega: [[-15.42069053  -2.72373541   0.18823966 -18.46935226  -0.05800025
    0.07595583   5.7777839   -4.18804313 -12.04592026   0.8538552
    8.65416407]]
lambda: 0.01

For Training Set
Accuracy: 0.9859781121751026
Sensitivity: 0.9927404718693285
Specificity: 0.9652777777777778
Precision: 0.9887031179394488
Power: 0.9774964838255977

For Validation Set
Accuracy: 0.9859781121751026
Sensitivity: 0.9927404718693285
Specificity: 0.9652777777777778
Precision: 0.9887031179394488
Power: 0.9774964838255977

For Test Set
Validation Accuracy: 0.98
test accuracy: 0.98
Sensitivity: 0.9877551020408163
Specificity: 0.95625
Precision: 0.9857433808553971
Power: 0.9622641509433962