omega: N/A
lambda: 10

For Training Set
Accuracy: 0.9141586867305062
Sensitivity: 0.9355716878402904
Specificity: 0.8486111111111111
Precision: 0.9497927222478121
Power: 0.8114209827357237

For Validation Set
Accuracy: 0.9141586867305062
Sensitivity: 0.9355716878402904
Specificity: 0.8486111111111111
Precision: 0.9497927222478121
Power: 0.8114209827357237

For Test Set
Validation Accuracy: 0.916923076923077
test accuracy: 0.916923076923077
Sensitivity: 0.926530612244898
Specificity: 0.8875
Precision: 0.961864406779661
Power: 0.797752808988764