omega: [[-4.48628172e-01 -2.66629526e+00  4.76429235e-02 -5.33604160e-01
  -2.37723957e-02  2.63165914e-02 -4.53483948e-02 -1.57349242e+00
  -1.72342889e+00  2.99864665e-01  6.38378239e-16]]
lambda: 10

For Training Set
Accuracy: 0.9825581395348837
Sensitivity: 0.9950090744101633
Specificity: 0.9444444444444444
Precision: 0.9820868786386028
Power: 0.984081041968162

For Validation Set
Accuracy: 0.9825581395348837
Sensitivity: 0.9950090744101633
Specificity: 0.9444444444444444
Precision: 0.9820868786386028
Power: 0.984081041968162

For Test Set
Validation Accuracy: 0.9707692307692307
test accuracy: 0.9707692307692307
Sensitivity: 0.9836734693877551
Specificity: 0.93125
Precision: 0.9776876267748479
Power: 0.9490445859872612