omega: [[-4.77092900e-01 -2.56604939e+00  4.80241784e-01  4.84443173e-02
  -5.46550246e-01 -2.32672292e-02  2.61879675e-02 -4.51591454e-02
  -1.55848223e+00 -1.70862015e+00  2.83964697e-01  2.49800181e-16]]
lambda: 10

For Training Set
Accuracy: 0.981532147742818
Sensitivity: 0.9945553539019963
Specificity: 0.9416666666666667
Precision: 0.981199641897941
Power: 0.9826086956521739

For Validation Set
Accuracy: 0.981532147742818
Sensitivity: 0.9945553539019963
Specificity: 0.9416666666666667
Precision: 0.981199641897941
Power: 0.9826086956521739

For Test Set
Validation Accuracy: 0.9723076923076923
test accuracy: 0.9723076923076923
Sensitivity: 0.9836734693877551
Specificity: 0.9375
Precision: 0.9796747967479674
Power: 0.9493670886075949