omega: [[ -1.37131605 -13.33107332   1.12162785 -16.22811655  -0.0536494
    0.06856202  17.21902926  -7.24552387 -10.77357369   0.56583082
   18.57397391]]
lambda: 0.001

For Training Set
Accuracy: 0.9904240766073872
Sensitivity: 0.9954627949183303
Specificity: 0.975
Precision: 0.9918625678119349
Power: 0.9859550561797753

For Validation Set
Accuracy: 0.9904240766073872
Sensitivity: 0.9954627949183303
Specificity: 0.975
Precision: 0.9918625678119349
Power: 0.9859550561797753

For Test Set
Validation Accuracy: 0.9784615384615385
test accuracy: 0.9784615384615385
Sensitivity: 0.9877551020408163
Specificity: 0.95
Precision: 0.983739837398374
Power: 0.9620253164556962