omega: N/A
lambda: 10

For Training Set
Accuracy: 0.9038987688098495
Sensitivity: 0.927858439201452
Specificity: 0.8305555555555556
Precision: 0.9437009690816798
Power: 0.7899603698811096

For Validation Set
Accuracy: 0.9038987688098495
Sensitivity: 0.927858439201452
Specificity: 0.8305555555555556
Precision: 0.9437009690816798
Power: 0.7899603698811096

For Test Set
Validation Accuracy: 0.9076923076923077
test accuracy: 0.9076923076923077
Sensitivity: 0.9163265306122449
Specificity: 0.88125
Precision: 0.9594017094017094
Power: 0.7747252747252747