omega: N/A
lambda: 10

For Training Set
Accuracy: 0.9288645690834473
Sensitivity: 0.9754990925589837
Specificity: 0.7861111111111111
Precision: 0.9331597222222222
Power: 0.9129032258064517

For Validation Set
Accuracy: 0.9288645690834473
Sensitivity: 0.9754990925589837
Specificity: 0.7861111111111111
Precision: 0.9331597222222222
Power: 0.9129032258064517

For Test Set
Validation Accuracy: 0.9323076923076923
test accuracy: 0.9323076923076923
Sensitivity: 0.9693877551020408
Specificity: 0.81875
Precision: 0.9424603174603174
Power: 0.8972602739726028