omega: [[-6.62399276e-01 -7.88482192e+00  1.35664701e+00  1.86660011e-01
  -1.18180360e+00 -6.21490006e-02  2.88030803e-04  6.43625943e-02
   1.07553067e+00 -1.49195926e+00 -5.60558681e+00  8.61167260e-01
   1.19466185e+00]]
lambda: 0.001

For Training Set
Accuracy: 0.9798221614227086
Sensitivity: 0.9909255898366606
Specificity: 0.9458333333333333
Precision: 0.9824561403508771
Power: 0.9714693295292439

For Validation Set
Accuracy: 0.9798221614227086
Sensitivity: 0.9909255898366606
Specificity: 0.9458333333333333
Precision: 0.9824561403508771
Power: 0.9714693295292439

For Test Set
Validation Accuracy: 0.9753846153846154
test accuracy: 0.9753846153846154
Sensitivity: 0.9877551020408163
Specificity: 0.9375
Precision: 0.979757085020243
Power: 0.9615384615384616