omega: N/A
lambda: 10

For Training Set
Accuracy: 0.9045827633378933
Sensitivity: 0.9274047186932849
Specificity: 0.8347222222222223
Precision: 0.9449838187702265
Power: 0.7897503285151117

For Validation Set
Accuracy: 0.9045827633378933
Sensitivity: 0.9274047186932849
Specificity: 0.8347222222222223
Precision: 0.9449838187702265
Power: 0.7897503285151117

For Test Set
Validation Accuracy: 0.9138461538461539
test accuracy: 0.9138461538461539
Sensitivity: 0.9204081632653062
Specificity: 0.89375
Precision: 0.9636752136752137
Power: 0.7857142857142857