omega: [[-4.75119744e-01 -2.60099050e+00  4.39566452e-01  4.89995460e-02
  -2.35861360e-02  2.63505671e-02 -4.54428079e-02 -1.56669825e+00
  -1.75291177e+00  2.91842242e-01  2.63677968e-15]]
lambda: 10

For Training Set
Accuracy: 0.981532147742818
Sensitivity: 0.9945553539019963
Specificity: 0.9416666666666667
Precision: 0.981199641897941
Power: 0.9826086956521739

For Validation Set
Accuracy: 0.981532147742818
Sensitivity: 0.9945553539019963
Specificity: 0.9416666666666667
Precision: 0.981199641897941
Power: 0.9826086956521739

For Test Set
Validation Accuracy: 0.9707692307692307
test accuracy: 0.9707692307692307
Sensitivity: 0.9836734693877551
Specificity: 0.93125
Precision: 0.9776876267748479
Power: 0.9490445859872612