omega: [[-6.07107782e-01 -3.20125331e+00  1.11014767e+00  1.18133145e-01
  -9.08140653e-01  2.96302054e-02 -6.87969366e-02 -2.43511828e+00
  -2.28237361e+00  5.83396487e-02 -1.91513472e-15]]
lambda: 10

For Training Set
Accuracy: 0.9716142270861833
Sensitivity: 0.9877495462794919
Specificity: 0.9222222222222223
Precision: 0.9749216300940439
Power: 0.9609261939218524

For Validation Set
Accuracy: 0.9716142270861833
Sensitivity: 0.9877495462794919
Specificity: 0.9222222222222223
Precision: 0.9749216300940439
Power: 0.9609261939218524

For Test Set
Validation Accuracy: 0.9569230769230769
test accuracy: 0.9569230769230769
Sensitivity: 0.9836734693877551
Specificity: 0.875
Precision: 0.9601593625498008
Power: 0.9459459459459459