omega: N/A
lambda: 10

For Training Set
Accuracy: 0.9261285909712722
Sensitivity: 0.9786751361161524
Specificity: 0.7652777777777777
Precision: 0.9273430782459158
Power: 0.9214046822742475

For Validation Set
Accuracy: 0.9261285909712722
Sensitivity: 0.9786751361161524
Specificity: 0.7652777777777777
Precision: 0.9273430782459158
Power: 0.9214046822742475

For Test Set
Validation Accuracy: 0.9276923076923077
test accuracy: 0.9276923076923077
Sensitivity: 0.9693877551020408
Specificity: 0.8
Precision: 0.9368836291913215
Power: 0.8951048951048951