omega: [[ -1.49183366 -13.22518404   2.0149634    0.17191356 -25.33605807
   -0.04926759   0.06112176  18.84567681  -6.6636397  -10.30540359
   22.00285523]]
lambda: 0.001

For Training Set
Accuracy: 0.9914500683994528
Sensitivity: 0.9950090744101633
Specificity: 0.9805555555555555
Precision: 0.993656547349343
Power: 0.9846582984658299

For Validation Set
Accuracy: 0.9914500683994528
Sensitivity: 0.9950090744101633
Specificity: 0.9805555555555555
Precision: 0.993656547349343
Power: 0.9846582984658299

For Test Set
Validation Accuracy: 0.9815384615384616
test accuracy: 0.9815384615384616
Sensitivity: 0.9897959183673469
Specificity: 0.95625
Precision: 0.9857723577235772
Power: 0.9683544303797469