omega: [[ -1.56181886 -11.36186484   0.86764481   0.18875035 -35.82356251
   -0.04190562   0.05730542  19.09538673  -9.1544183    0.14476122
   23.34807973]]
lambda: 0.001

For Training Set
Accuracy: 0.9866621067031464
Sensitivity: 0.9931941923774955
Specificity: 0.9666666666666667
Precision: 0.9891549932218707
Power: 0.9789029535864979

For Validation Set
Accuracy: 0.9866621067031464
Sensitivity: 0.9931941923774955
Specificity: 0.9666666666666667
Precision: 0.9891549932218707
Power: 0.9789029535864979

For Test Set
Validation Accuracy: 0.9815384615384616
test accuracy: 0.9815384615384616
Sensitivity: 0.9897959183673469
Specificity: 0.95625
Precision: 0.9857723577235772
Power: 0.9683544303797469