omega: [[-1.71503614e+00  7.76036712e+00  1.18534925e-01 -4.35105722e+01
  -3.52994833e-03  4.78511170e-02  1.68129996e+01 -8.36549381e+00
  -8.72615070e+00  4.09871561e-01  2.05441257e+01]]
lambda: 0.001

For Training Set
Accuracy: 0.9825581395348837
Sensitivity: 0.9904718693284936
Specificity: 0.9583333333333334
Precision: 0.9864437415273385
Power: 0.9704641350210971

For Validation Set
Accuracy: 0.9825581395348837
Sensitivity: 0.9904718693284936
Specificity: 0.9583333333333334
Precision: 0.9864437415273385
Power: 0.9704641350210971

For Test Set
Validation Accuracy: 0.9784615384615385
test accuracy: 0.9784615384615385
Sensitivity: 0.9897959183673469
Specificity: 0.94375
Precision: 0.9817813765182186
Power: 0.967948717948718