omega: [[-4.63419999e-01 -2.63671912e+00  4.31475949e-01  4.03071123e-02
  -5.22468604e-01 -2.20081187e-02  2.61733743e-02 -4.30131457e-02
  -1.58870570e+00 -1.07009006e+00 -1.06329927e+00  3.15982821e-01
   2.08166817e-16]]
lambda: 10

For Training Set
Accuracy: 0.9835841313269493
Sensitivity: 0.9959165154264973
Specificity: 0.9458333333333333
Precision: 0.9825425246195165
Power: 0.9869565217391304

For Validation Set
Accuracy: 0.9835841313269493
Sensitivity: 0.9959165154264973
Specificity: 0.9458333333333333
Precision: 0.9825425246195165
Power: 0.9869565217391304

For Test Set
Validation Accuracy: 0.9753846153846154
test accuracy: 0.9753846153846154
Sensitivity: 0.9857142857142858
Specificity: 0.94375
Precision: 0.9817073170731707
Power: 0.9556962025316456