omega: [[-5.94744499e-01 -2.45869468e+00  3.03084284e-01  3.27566296e-02
  -5.24555879e-01 -1.96868019e-02  2.53884019e-02 -3.45421120e-02
  -9.48833747e-02 -4.97751380e-01 -1.70722828e+00  2.55030081e-01
  -5.82867088e-16]]
lambda: 10

For Training Set
Accuracy: 0.9818741450068399
Sensitivity: 0.9931941923774955
Specificity: 0.9472222222222222
Precision: 0.9829366861248316
Power: 0.9784791965566715

For Validation Set
Accuracy: 0.9818741450068399
Sensitivity: 0.9931941923774955
Specificity: 0.9472222222222222
Precision: 0.9829366861248316
Power: 0.9784791965566715

For Test Set
Validation Accuracy: 0.98
test accuracy: 0.98
Sensitivity: 0.9918367346938776
Specificity: 0.94375
Precision: 0.9818181818181818
Power: 0.9741935483870968