omega: [[-1.20491582e+00 -6.63075500e-04 -1.38699739e+01  9.29001878e-01
   1.70541032e-01 -1.91250239e+01 -5.37115866e-02  6.91956123e-02
   1.48003463e+01 -6.70669803e+00 -1.17502355e+01  7.11904935e-01
   1.69083115e+01]]
lambda: 0.001

For Training Set
Accuracy: 0.9921340629274966
Sensitivity: 0.9954627949183303
Specificity: 0.9819444444444444
Precision: 0.9941096511101042
Power: 0.9860529986052998

For Validation Set
Accuracy: 0.9921340629274966
Sensitivity: 0.9954627949183303
Specificity: 0.9819444444444444
Precision: 0.9941096511101042
Power: 0.9860529986052998

For Test Set
Validation Accuracy: 0.9846153846153847
test accuracy: 0.9846153846153847
Sensitivity: 0.9918367346938776
Specificity: 0.9625
Precision: 0.9878048780487805
Power: 0.9746835443037974