omega: [[-2.98528589e+00 -3.40230512e-01  3.56380351e-02 -6.82464786e-01
  -2.41214879e-02  3.07569897e-02 -7.58959363e-02 -9.24920313e-01
  -2.05404088e+00  3.26485449e-01 -1.02695630e-15]]
lambda: 10

For Training Set
Accuracy: 0.975718194254446
Sensitivity: 0.9913793103448276
Specificity: 0.9277777777777778
Precision: 0.9767545820295038
Power: 0.9723435225618632

For Validation Set
Accuracy: 0.975718194254446
Sensitivity: 0.9913793103448276
Specificity: 0.9277777777777778
Precision: 0.9767545820295038
Power: 0.9723435225618632

For Test Set
Validation Accuracy: 0.9738461538461538
test accuracy: 0.9738461538461538
Sensitivity: 0.9918367346938776
Specificity: 0.91875
Precision: 0.9739478957915831
Power: 0.9735099337748344