omega: [[-3.96081254e-01 -2.78218097e+00  4.84288526e-01  5.88785025e-02
  -5.21237698e-01 -2.66001425e-02  2.88677442e-02 -5.25993697e-02
  -1.93748311e+00  3.03569532e-01  6.38378239e-16]]
lambda: 10

For Training Set
Accuracy: 0.9746922024623803
Sensitivity: 0.9909255898366606
Specificity: 0.925
Precision: 0.9758713136729222
Power: 0.9708454810495627

For Validation Set
Accuracy: 0.9746922024623803
Sensitivity: 0.9909255898366606
Specificity: 0.925
Precision: 0.9758713136729222
Power: 0.9708454810495627

For Test Set
Validation Accuracy: 0.9646153846153847
test accuracy: 0.9646153846153847
Sensitivity: 0.9795918367346939
Specificity: 0.91875
Precision: 0.973630831643002
Power: 0.9363057324840764