omega: [[ -1.31595653 -13.59950232   0.9811157    0.16161518 -21.24670987
   -0.05266992   0.0668457    4.22717719   8.1507902   -2.34892033
  -11.39142295   0.59544069   6.06630676]]
lambda: 0.01

For Training Set
Accuracy: 0.9921340629274966
Sensitivity: 0.9954627949183303
Specificity: 0.9819444444444444
Precision: 0.9941096511101042
Power: 0.9860529986052998

For Validation Set
Accuracy: 0.9921340629274966
Sensitivity: 0.9954627949183303
Specificity: 0.9819444444444444
Precision: 0.9941096511101042
Power: 0.9860529986052998

For Test Set
Validation Accuracy: 0.9830769230769231
test accuracy: 0.9830769230769231
Sensitivity: 0.9918367346938776
Specificity: 0.95625
Precision: 0.9858012170385395
Power: 0.9745222929936306