omega: [[-4.49888044e-01 -2.50856355e+00  3.43527468e-01 -4.23538758e-01
   5.41118765e-02 -5.15035302e-01 -2.39898260e-02  2.63668440e-02
  -4.27040170e-02 -1.48086055e+00 -1.62260645e+00  3.14732513e-01
   6.38378239e-16]]
lambda: 10

For Training Set
Accuracy: 0.9842681258549931
Sensitivity: 0.9977313974591652
Specificity: 0.9430555555555555
Precision: 0.9816964285714286
Power: 0.9926900584795322

For Validation Set
Accuracy: 0.9842681258549931
Sensitivity: 0.9977313974591652
Specificity: 0.9430555555555555
Precision: 0.9816964285714286
Power: 0.9926900584795322

For Test Set
Validation Accuracy: 0.9784615384615385
test accuracy: 0.9784615384615385
Sensitivity: 0.9897959183673469
Specificity: 0.94375
Precision: 0.9817813765182186
Power: 0.967948717948718