omega: N/A
lambda: 10

For Training Set
Accuracy: 0.93296853625171
Sensitivity: 0.9623411978221416
Specificity: 0.8430555555555556
Precision: 0.9494180841539839
Power: 0.8797101449275362

For Validation Set
Accuracy: 0.93296853625171
Sensitivity: 0.9623411978221416
Specificity: 0.8430555555555556
Precision: 0.9494180841539839
Power: 0.8797101449275362

For Test Set
Validation Accuracy: 0.94
test accuracy: 0.94
Sensitivity: 0.9571428571428572
Specificity: 0.8875
Precision: 0.9630390143737166
Power: 0.8711656441717791