omega: [[ -1.26699583 -12.86181013   1.24885723   0.17671205 -25.24393272
   -0.05017711   0.06628399  -6.99254745 -12.15121425   0.59615776
   34.5164079 ]]
lambda: 0.001

For Training Set
Accuracy: 0.9921340629274966
Sensitivity: 0.9954627949183303
Specificity: 0.9819444444444444
Precision: 0.9941096511101042
Power: 0.9860529986052998

For Validation Set
Accuracy: 0.9921340629274966
Sensitivity: 0.9954627949183303
Specificity: 0.9819444444444444
Precision: 0.9941096511101042
Power: 0.9860529986052998

For Test Set
Validation Accuracy: 0.9830769230769231
test accuracy: 0.9830769230769231
Sensitivity: 0.9918367346938776
Specificity: 0.95625
Precision: 0.9858012170385395
Power: 0.9745222929936306